UNITS MM,10000;
EDIT proj;
ADD P3 :W0.000000  -2.8000,-45.4000 47.7000,-45.4000 47.7000,3.4000 -2.8000,3.4000;
  BEGIN_ASSOC
    ADD N3 :F1.000000 :R0 :T12345 'net=gnd!' 0.00, 0.00;
  END_ASSOC
ADD P2 :W0.000000  -2.8000,-4.1000 27.3000,-4.1000 27.3000,3.4000 -2.8000,3.4000;
  BEGIN_ASSOC
    ADD N2 :F1.000000 :R0 :T12345 'net=gnd!' 0.00, 0.00;
  END_ASSOC
ADD P2 :W0.000000  27.6000,-4.1000 28.9000,-4.1000 28.9000,3.4000 27.6000,3.4000;
  BEGIN_ASSOC
    ADD N2 :F1.000000 :R0 :T12345 'net=P1' 0.00, 0.00;
  END_ASSOC
ADD P2 :W0.000000  29.2000,-4.1000 47.8000,-4.1000 47.8000,3.4000 29.2000,3.4000;
  BEGIN_ASSOC
    ADD N2 :F1.000000 :R0 :T12345 'net=gnd!' 0.00, 0.00;
  END_ASSOC
ADD P2 :W0.000000  27.6000,3.3000 28.9000,3.3000 28.9000,5.3000 27.6000,5.3000;
  BEGIN_ASSOC
    ADD N2 :F1.000000 :R0 :T12345 'net=P1' 0.00, 0.00;
  END_ASSOC
ADD P2 :W0.000000  27.6000,5.3000 28.8000,7.0000 30.1000,7.0000 28.9000,5.3000;
  BEGIN_ASSOC
    ADD N2 :F1.000000 :R0 :T12345 'net=P1' 0.00, 0.00;
  END_ASSOC
ADD P2 :W0.000000  9.7000,10.0000 39.8000,10.0000 39.8000,11.3000 9.7000,11.3000;
  BEGIN_ASSOC
    ADD N2 :F1.000000 :R0 :T12345 'net=P1' 0.00, 0.00;
  END_ASSOC
ADD P2 :W0.000000  41.1000,10.0000 39.8000,11.3000 39.8000,10.0000;
  BEGIN_ASSOC
    ADD N2 :F1.000000 :R0 :T12345 'net=P1' 0.00, 0.00;
  END_ASSOC
ADD P2 :W0.000000  39.8000,7.0000 41.1000,7.0000 41.1000,10.0000 39.8000,10.0000;
  BEGIN_ASSOC
    ADD N2 :F1.000000 :R0 :T12345 'net=P1' 0.00, 0.00;
  END_ASSOC
ADD P2 :W0.000000  39.8000,7.0000 41.1000,7.0000 39.8000,5.7000;
  BEGIN_ASSOC
    ADD N2 :F1.000000 :R0 :T12345 'net=P1' 0.00, 0.00;
  END_ASSOC
ADD P2 :W0.000000  28.8000,5.7000 39.8000,5.7000 39.8000,7.0000 28.8000,7.0000;
  BEGIN_ASSOC
    ADD N2 :F1.000000 :R0 :T12345 'net=P1' 0.00, 0.00;
  END_ASSOC
ADD P5 :W0.000000  -0.6500,2.8000 -0.6513,2.8305 -0.6553,2.8608 -0.6619,2.8906 -0.6711,2.9197 -0.6828,2.9479 -0.6969,2.9750 -0.7133,3.0008 -0.7319,3.0250 -0.7525,3.0475 -0.7750,3.0681 -0.7992,3.0867 -0.8250,3.1031 -0.8521,3.1172 -0.8803,3.1289 -0.9094,3.1381 -0.9392,3.1447 -0.9695,3.1487 -1.0000,3.1500 -1.0305,3.1487 -1.0608,3.1447 -1.0906,3.1381 -1.1197,3.1289 -1.1479,3.1172 -1.1750,3.1031 -1.2008,3.0867 -1.2250,3.0681 -1.2475,3.0475 -1.2681,3.0250 -1.2867,3.0008 -1.3031,2.9750 -1.3172,2.9479 -1.3289,2.9197 -1.3381,2.8906 -1.3447,2.8608 -1.3487,2.8305 -1.3500,2.8000 -1.3487,2.7695 -1.3447,2.7392 -1.3381,2.7094 -1.3289,2.6803 -1.3172,2.6521 -1.3031,2.6250 -1.2867,2.5992 -1.2681,2.5750 -1.2475,2.5525 -1.2250,2.5319 -1.2008,2.5133 -1.1750,2.4969 -1.1479,2.4828 -1.1197,2.4711 -1.0906,2.4619 -1.0608,2.4553 -1.0305,2.4513 -1.0000,2.4500 -0.9695,2.4513 -0.9392,2.4553 -0.9094,2.4619 -0.8803,2.4711 -0.8521,2.4828 -0.8250,2.4969 -0.7992,2.5133 -0.7750,2.5319 -0.7525,2.5525 -0.7319,2.5750 -0.7133,2.5992 -0.6969,2.6250 -0.6828,2.6521 -0.6711,2.6803 -0.6619,2.7094 -0.6553,2.7392 -0.6513,2.7695 -0.6500,2.8000;
  BEGIN_ASSOC
    ADD N5 :F1.000000 :R0 :T12345 'net=gnd!' 0.00, 0.00;
  END_ASSOC
ADD P5 :W0.000000  5.3000,2.8500 5.2987,2.8805 5.2947,2.9108 5.2881,2.9406 5.2789,2.9697 5.2672,2.9979 5.2531,3.0250 5.2367,3.0508 5.2181,3.0750 5.1975,3.0975 5.1750,3.1181 5.1508,3.1367 5.1250,3.1531 5.0979,3.1672 5.0697,3.1789 5.0406,3.1881 5.0108,3.1947 4.9805,3.1987 4.9500,3.2000 4.9195,3.1987 4.8892,3.1947 4.8594,3.1881 4.8303,3.1789 4.8021,3.1672 4.7750,3.1531 4.7492,3.1367 4.7250,3.1181 4.7025,3.0975 4.6819,3.0750 4.6633,3.0508 4.6469,3.0250 4.6328,2.9979 4.6211,2.9697 4.6119,2.9406 4.6053,2.9108 4.6013,2.8805 4.6000,2.8500 4.6013,2.8195 4.6053,2.7892 4.6119,2.7594 4.6211,2.7303 4.6328,2.7021 4.6469,2.6750 4.6633,2.6492 4.6819,2.6250 4.7025,2.6025 4.7250,2.5819 4.7492,2.5633 4.7750,2.5469 4.8021,2.5328 4.8303,2.5211 4.8594,2.5119 4.8892,2.5053 4.9195,2.5013 4.9500,2.5000 4.9805,2.5013 5.0108,2.5053 5.0406,2.5119 5.0697,2.5211 5.0979,2.5328 5.1250,2.5469 5.1508,2.5633 5.1750,2.5819 5.1975,2.6025 5.2181,2.6250 5.2367,2.6492 5.2531,2.6750 5.2672,2.7021 5.2789,2.7303 5.2881,2.7594 5.2947,2.7892 5.2987,2.8195 5.3000,2.8500;
  BEGIN_ASSOC
    ADD N5 :F1.000000 :R0 :T12345 'net=gnd!' 0.00, 0.00;
  END_ASSOC
ADD P5 :W0.000000  10.5000,2.9500 10.4987,2.9805 10.4947,3.0108 10.4881,3.0406 10.4789,3.0697 10.4672,3.0979 10.4531,3.1250 10.4367,3.1508 10.4181,3.1750 10.3975,3.1975 10.3750,3.2181 10.3508,3.2367 10.3250,3.2531 10.2979,3.2672 10.2697,3.2789 10.2406,3.2881 10.2108,3.2947 10.1805,3.2987 10.1500,3.3000 10.1195,3.2987 10.0892,3.2947 10.0594,3.2881 10.0303,3.2789 10.0021,3.2672 9.9750,3.2531 9.9492,3.2367 9.9250,3.2181 9.9025,3.1975 9.8819,3.1750 9.8633,3.1508 9.8469,3.1250 9.8328,3.0979 9.8211,3.0697 9.8119,3.0406 9.8053,3.0108 9.8013,2.9805 9.8000,2.9500 9.8013,2.9195 9.8053,2.8892 9.8119,2.8594 9.8211,2.8303 9.8328,2.8021 9.8469,2.7750 9.8633,2.7492 9.8819,2.7250 9.9025,2.7025 9.9250,2.6819 9.9492,2.6633 9.9750,2.6469 10.0021,2.6328 10.0303,2.6211 10.0594,2.6119 10.0892,2.6053 10.1195,2.6013 10.1500,2.6000 10.1805,2.6013 10.2108,2.6053 10.2406,2.6119 10.2697,2.6211 10.2979,2.6328 10.3250,2.6469 10.3508,2.6633 10.3750,2.6819 10.3975,2.7025 10.4181,2.7250 10.4367,2.7492 10.4531,2.7750 10.4672,2.8021 10.4789,2.8303 10.4881,2.8594 10.4947,2.8892 10.4987,2.9195 10.5000,2.9500;
  BEGIN_ASSOC
    ADD N5 :F1.000000 :R0 :T12345 'net=gnd!' 0.00, 0.00;
  END_ASSOC
ADD P5 :W0.000000  16.2000,3.0500 16.1987,3.0805 16.1947,3.1108 16.1881,3.1406 16.1789,3.1697 16.1672,3.1979 16.1531,3.2250 16.1367,3.2508 16.1181,3.2750 16.0975,3.2975 16.0750,3.3181 16.0508,3.3367 16.0250,3.3531 15.9979,3.3672 15.9697,3.3789 15.9406,3.3881 15.9108,3.3947 15.8805,3.3987 15.8500,3.4000 15.8195,3.3987 15.7892,3.3947 15.7594,3.3881 15.7303,3.3789 15.7021,3.3672 15.6750,3.3531 15.6492,3.3367 15.6250,3.3181 15.6025,3.2975 15.5819,3.2750 15.5633,3.2508 15.5469,3.2250 15.5328,3.1979 15.5211,3.1697 15.5119,3.1406 15.5053,3.1108 15.5013,3.0805 15.5000,3.0500 15.5013,3.0195 15.5053,2.9892 15.5119,2.9594 15.5211,2.9303 15.5328,2.9021 15.5469,2.8750 15.5633,2.8492 15.5819,2.8250 15.6025,2.8025 15.6250,2.7819 15.6492,2.7633 15.6750,2.7469 15.7021,2.7328 15.7303,2.7211 15.7594,2.7119 15.7892,2.7053 15.8195,2.7013 15.8500,2.7000 15.8805,2.7013 15.9108,2.7053 15.9406,2.7119 15.9697,2.7211 15.9979,2.7328 16.0250,2.7469 16.0508,2.7633 16.0750,2.7819 16.0975,2.8025 16.1181,2.8250 16.1367,2.8492 16.1531,2.8750 16.1672,2.9021 16.1789,2.9303 16.1881,2.9594 16.1947,2.9892 16.1987,3.0195 16.2000,3.0500;
  BEGIN_ASSOC
    ADD N5 :F1.000000 :R0 :T12345 'net=gnd!' 0.00, 0.00;
  END_ASSOC
ADD P5 :W0.000000  23.3000,3.0500 23.2987,3.0805 23.2947,3.1108 23.2881,3.1406 23.2789,3.1697 23.2672,3.1979 23.2531,3.2250 23.2367,3.2508 23.2181,3.2750 23.1975,3.2975 23.1750,3.3181 23.1508,3.3367 23.1250,3.3531 23.0979,3.3672 23.0697,3.3789 23.0406,3.3881 23.0108,3.3947 22.9805,3.3987 22.9500,3.4000 22.9195,3.3987 22.8892,3.3947 22.8594,3.3881 22.8303,3.3789 22.8021,3.3672 22.7750,3.3531 22.7492,3.3367 22.7250,3.3181 22.7025,3.2975 22.6819,3.2750 22.6633,3.2508 22.6469,3.2250 22.6328,3.1979 22.6211,3.1697 22.6119,3.1406 22.6053,3.1108 22.6013,3.0805 22.6000,3.0500 22.6013,3.0195 22.6053,2.9892 22.6119,2.9594 22.6211,2.9303 22.6328,2.9021 22.6469,2.8750 22.6633,2.8492 22.6819,2.8250 22.7025,2.8025 22.7250,2.7819 22.7492,2.7633 22.7750,2.7469 22.8021,2.7328 22.8303,2.7211 22.8594,2.7119 22.8892,2.7053 22.9195,2.7013 22.9500,2.7000 22.9805,2.7013 23.0108,2.7053 23.0406,2.7119 23.0697,2.7211 23.0979,2.7328 23.1250,2.7469 23.1508,2.7633 23.1750,2.7819 23.1975,2.8025 23.2181,2.8250 23.2367,2.8492 23.2531,2.8750 23.2672,2.9021 23.2789,2.9303 23.2881,2.9594 23.2947,2.9892 23.2987,3.0195 23.3000,3.0500;
  BEGIN_ASSOC
    ADD N5 :F1.000000 :R0 :T12345 'net=gnd!' 0.00, 0.00;
  END_ASSOC
ADD P5 :W0.000000  32.6000,2.9500 32.5987,2.9805 32.5947,3.0108 32.5881,3.0406 32.5789,3.0697 32.5672,3.0979 32.5531,3.1250 32.5367,3.1508 32.5181,3.1750 32.4975,3.1975 32.4750,3.2181 32.4508,3.2367 32.4250,3.2531 32.3979,3.2672 32.3697,3.2789 32.3406,3.2881 32.3108,3.2947 32.2805,3.2987 32.2500,3.3000 32.2195,3.2987 32.1892,3.2947 32.1594,3.2881 32.1303,3.2789 32.1021,3.2672 32.0750,3.2531 32.0492,3.2367 32.0250,3.2181 32.0025,3.1975 31.9819,3.1750 31.9633,3.1508 31.9469,3.1250 31.9328,3.0979 31.9211,3.0697 31.9119,3.0406 31.9053,3.0108 31.9013,2.9805 31.9000,2.9500 31.9013,2.9195 31.9053,2.8892 31.9119,2.8594 31.9211,2.8303 31.9328,2.8021 31.9469,2.7750 31.9633,2.7492 31.9819,2.7250 32.0025,2.7025 32.0250,2.6819 32.0492,2.6633 32.0750,2.6469 32.1021,2.6328 32.1303,2.6211 32.1594,2.6119 32.1892,2.6053 32.2195,2.6013 32.2500,2.6000 32.2805,2.6013 32.3108,2.6053 32.3406,2.6119 32.3697,2.6211 32.3979,2.6328 32.4250,2.6469 32.4508,2.6633 32.4750,2.6819 32.4975,2.7025 32.5181,2.7250 32.5367,2.7492 32.5531,2.7750 32.5672,2.8021 32.5789,2.8303 32.5881,2.8594 32.5947,2.8892 32.5987,2.9195 32.6000,2.9500;
  BEGIN_ASSOC
    ADD N5 :F1.000000 :R0 :T12345 'net=gnd!' 0.00, 0.00;
  END_ASSOC
ADD P5 :W0.000000  39.3000,2.9500 39.2987,2.9805 39.2947,3.0108 39.2881,3.0406 39.2789,3.0697 39.2672,3.0979 39.2531,3.1250 39.2367,3.1508 39.2181,3.1750 39.1975,3.1975 39.1750,3.2181 39.1508,3.2367 39.1250,3.2531 39.0979,3.2672 39.0697,3.2789 39.0406,3.2881 39.0108,3.2947 38.9805,3.2987 38.9500,3.3000 38.9195,3.2987 38.8892,3.2947 38.8594,3.2881 38.8303,3.2789 38.8021,3.2672 38.7750,3.2531 38.7492,3.2367 38.7250,3.2181 38.7025,3.1975 38.6819,3.1750 38.6633,3.1508 38.6469,3.1250 38.6328,3.0979 38.6211,3.0697 38.6119,3.0406 38.6053,3.0108 38.6013,2.9805 38.6000,2.9500 38.6013,2.9195 38.6053,2.8892 38.6119,2.8594 38.6211,2.8303 38.6328,2.8021 38.6469,2.7750 38.6633,2.7492 38.6819,2.7250 38.7025,2.7025 38.7250,2.6819 38.7492,2.6633 38.7750,2.6469 38.8021,2.6328 38.8303,2.6211 38.8594,2.6119 38.8892,2.6053 38.9195,2.6013 38.9500,2.6000 38.9805,2.6013 39.0108,2.6053 39.0406,2.6119 39.0697,2.6211 39.0979,2.6328 39.1250,2.6469 39.1508,2.6633 39.1750,2.6819 39.1975,2.7025 39.2181,2.7250 39.2367,2.7492 39.2531,2.7750 39.2672,2.8021 39.2789,2.8303 39.2881,2.8594 39.2947,2.8892 39.2987,2.9195 39.3000,2.9500;
  BEGIN_ASSOC
    ADD N5 :F1.000000 :R0 :T12345 'net=gnd!' 0.00, 0.00;
  END_ASSOC
ADD P5 :W0.000000  46.2000,2.9500 46.1987,2.9805 46.1947,3.0108 46.1881,3.0406 46.1789,3.0697 46.1672,3.0979 46.1531,3.1250 46.1367,3.1508 46.1181,3.1750 46.0975,3.1975 46.0750,3.2181 46.0508,3.2367 46.0250,3.2531 45.9979,3.2672 45.9697,3.2789 45.9406,3.2881 45.9108,3.2947 45.8805,3.2987 45.8500,3.3000 45.8195,3.2987 45.7892,3.2947 45.7594,3.2881 45.7303,3.2789 45.7021,3.2672 45.6750,3.2531 45.6492,3.2367 45.6250,3.2181 45.6025,3.1975 45.5819,3.1750 45.5633,3.1508 45.5469,3.1250 45.5328,3.0979 45.5211,3.0697 45.5119,3.0406 45.5053,3.0108 45.5013,2.9805 45.5000,2.9500 45.5013,2.9195 45.5053,2.8892 45.5119,2.8594 45.5211,2.8303 45.5328,2.8021 45.5469,2.7750 45.5633,2.7492 45.5819,2.7250 45.6025,2.7025 45.6250,2.6819 45.6492,2.6633 45.6750,2.6469 45.7021,2.6328 45.7303,2.6211 45.7594,2.6119 45.7892,2.6053 45.8195,2.6013 45.8500,2.6000 45.8805,2.6013 45.9108,2.6053 45.9406,2.6119 45.9697,2.6211 45.9979,2.6328 46.0250,2.6469 46.0508,2.6633 46.0750,2.6819 46.0975,2.7025 46.1181,2.7250 46.1367,2.7492 46.1531,2.7750 46.1672,2.8021 46.1789,2.8303 46.1881,2.8594 46.1947,2.8892 46.1987,2.9195 46.2000,2.9500;
  BEGIN_ASSOC
    ADD N5 :F1.000000 :R0 :T12345 'net=gnd!' 0.00, 0.00;
  END_ASSOC
ADD P5 :W0.000000  45.2000,1.1500 45.1987,1.1805 45.1947,1.2108 45.1881,1.2406 45.1789,1.2697 45.1672,1.2979 45.1531,1.3250 45.1367,1.3508 45.1181,1.3750 45.0975,1.3975 45.0750,1.4181 45.0508,1.4367 45.0250,1.4531 44.9979,1.4672 44.9697,1.4789 44.9406,1.4881 44.9108,1.4947 44.8805,1.4987 44.8500,1.5000 44.8195,1.4987 44.7892,1.4947 44.7594,1.4881 44.7303,1.4789 44.7021,1.4672 44.6750,1.4531 44.6492,1.4367 44.6250,1.4181 44.6025,1.3975 44.5819,1.3750 44.5633,1.3508 44.5469,1.3250 44.5328,1.2979 44.5211,1.2697 44.5119,1.2406 44.5053,1.2108 44.5013,1.1805 44.5000,1.1500 44.5013,1.1195 44.5053,1.0892 44.5119,1.0594 44.5211,1.0303 44.5328,1.0021 44.5469,0.9750 44.5633,0.9492 44.5819,0.9250 44.6025,0.9025 44.6250,0.8819 44.6492,0.8633 44.6750,0.8469 44.7021,0.8328 44.7303,0.8211 44.7594,0.8119 44.7892,0.8053 44.8195,0.8013 44.8500,0.8000 44.8805,0.8013 44.9108,0.8053 44.9406,0.8119 44.9697,0.8211 44.9979,0.8328 45.0250,0.8469 45.0508,0.8633 45.0750,0.8819 45.0975,0.9025 45.1181,0.9250 45.1367,0.9492 45.1531,0.9750 45.1672,1.0021 45.1789,1.0303 45.1881,1.0594 45.1947,1.0892 45.1987,1.1195 45.2000,1.1500;
  BEGIN_ASSOC
    ADD N5 :F1.000000 :R0 :T12345 'net=gnd!' 0.00, 0.00;
  END_ASSOC
ADD P5 :W0.000000  40.4000,1.2500 40.3987,1.2805 40.3947,1.3108 40.3881,1.3406 40.3789,1.3697 40.3672,1.3979 40.3531,1.4250 40.3367,1.4508 40.3181,1.4750 40.2975,1.4975 40.2750,1.5181 40.2508,1.5367 40.2250,1.5531 40.1979,1.5672 40.1697,1.5789 40.1406,1.5881 40.1108,1.5947 40.0805,1.5987 40.0500,1.6000 40.0195,1.5987 39.9892,1.5947 39.9594,1.5881 39.9303,1.5789 39.9021,1.5672 39.8750,1.5531 39.8492,1.5367 39.8250,1.5181 39.8025,1.4975 39.7819,1.4750 39.7633,1.4508 39.7469,1.4250 39.7328,1.3979 39.7211,1.3697 39.7119,1.3406 39.7053,1.3108 39.7013,1.2805 39.7000,1.2500 39.7013,1.2195 39.7053,1.1892 39.7119,1.1594 39.7211,1.1303 39.7328,1.1021 39.7469,1.0750 39.7633,1.0492 39.7819,1.0250 39.8025,1.0025 39.8250,0.9819 39.8492,0.9633 39.8750,0.9469 39.9021,0.9328 39.9303,0.9211 39.9594,0.9119 39.9892,0.9053 40.0195,0.9013 40.0500,0.9000 40.0805,0.9013 40.1108,0.9053 40.1406,0.9119 40.1697,0.9211 40.1979,0.9328 40.2250,0.9469 40.2508,0.9633 40.2750,0.9819 40.2975,1.0025 40.3181,1.0250 40.3367,1.0492 40.3531,1.0750 40.3672,1.1021 40.3789,1.1303 40.3881,1.1594 40.3947,1.1892 40.3987,1.2195 40.4000,1.2500;
  BEGIN_ASSOC
    ADD N5 :F1.000000 :R0 :T12345 'net=gnd!' 0.00, 0.00;
  END_ASSOC
ADD P5 :W0.000000  35.6000,1.1500 35.5987,1.1805 35.5947,1.2108 35.5881,1.2406 35.5789,1.2697 35.5672,1.2979 35.5531,1.3250 35.5367,1.3508 35.5181,1.3750 35.4975,1.3975 35.4750,1.4181 35.4508,1.4367 35.4250,1.4531 35.3979,1.4672 35.3697,1.4789 35.3406,1.4881 35.3108,1.4947 35.2805,1.4987 35.2500,1.5000 35.2195,1.4987 35.1892,1.4947 35.1594,1.4881 35.1303,1.4789 35.1021,1.4672 35.0750,1.4531 35.0492,1.4367 35.0250,1.4181 35.0025,1.3975 34.9819,1.3750 34.9633,1.3508 34.9469,1.3250 34.9328,1.2979 34.9211,1.2697 34.9119,1.2406 34.9053,1.2108 34.9013,1.1805 34.9000,1.1500 34.9013,1.1195 34.9053,1.0892 34.9119,1.0594 34.9211,1.0303 34.9328,1.0021 34.9469,0.9750 34.9633,0.9492 34.9819,0.9250 35.0025,0.9025 35.0250,0.8819 35.0492,0.8633 35.0750,0.8469 35.1021,0.8328 35.1303,0.8211 35.1594,0.8119 35.1892,0.8053 35.2195,0.8013 35.2500,0.8000 35.2805,0.8013 35.3108,0.8053 35.3406,0.8119 35.3697,0.8211 35.3979,0.8328 35.4250,0.8469 35.4508,0.8633 35.4750,0.8819 35.4975,0.9025 35.5181,0.9250 35.5367,0.9492 35.5531,0.9750 35.5672,1.0021 35.5789,1.0303 35.5881,1.0594 35.5947,1.0892 35.5987,1.1195 35.6000,1.1500;
  BEGIN_ASSOC
    ADD N5 :F1.000000 :R0 :T12345 'net=gnd!' 0.00, 0.00;
  END_ASSOC
ADD P5 :W0.000000  31.1000,1.1500 31.0987,1.1805 31.0947,1.2108 31.0881,1.2406 31.0789,1.2697 31.0672,1.2979 31.0531,1.3250 31.0367,1.3508 31.0181,1.3750 30.9975,1.3975 30.9750,1.4181 30.9508,1.4367 30.9250,1.4531 30.8979,1.4672 30.8697,1.4789 30.8406,1.4881 30.8108,1.4947 30.7805,1.4987 30.7500,1.5000 30.7195,1.4987 30.6892,1.4947 30.6594,1.4881 30.6303,1.4789 30.6021,1.4672 30.5750,1.4531 30.5492,1.4367 30.5250,1.4181 30.5025,1.3975 30.4819,1.3750 30.4633,1.3508 30.4469,1.3250 30.4328,1.2979 30.4211,1.2697 30.4119,1.2406 30.4053,1.2108 30.4013,1.1805 30.4000,1.1500 30.4013,1.1195 30.4053,1.0892 30.4119,1.0594 30.4211,1.0303 30.4328,1.0021 30.4469,0.9750 30.4633,0.9492 30.4819,0.9250 30.5025,0.9025 30.5250,0.8819 30.5492,0.8633 30.5750,0.8469 30.6021,0.8328 30.6303,0.8211 30.6594,0.8119 30.6892,0.8053 30.7195,0.8013 30.7500,0.8000 30.7805,0.8013 30.8108,0.8053 30.8406,0.8119 30.8697,0.8211 30.8979,0.8328 30.9250,0.8469 30.9508,0.8633 30.9750,0.8819 30.9975,0.9025 31.0181,0.9250 31.0367,0.9492 31.0531,0.9750 31.0672,1.0021 31.0789,1.0303 31.0881,1.0594 31.0947,1.0892 31.0987,1.1195 31.1000,1.1500;
  BEGIN_ASSOC
    ADD N5 :F1.000000 :R0 :T12345 'net=gnd!' 0.00, 0.00;
  END_ASSOC
ADD P5 :W0.000000  32.6000,-1.1500 32.5987,-1.1195 32.5947,-1.0892 32.5881,-1.0594 32.5789,-1.0303 32.5672,-1.0021 32.5531,-0.9750 32.5367,-0.9492 32.5181,-0.9250 32.4975,-0.9025 32.4750,-0.8819 32.4508,-0.8633 32.4250,-0.8469 32.3979,-0.8328 32.3697,-0.8211 32.3406,-0.8119 32.3108,-0.8053 32.2805,-0.8013 32.2500,-0.8000 32.2195,-0.8013 32.1892,-0.8053 32.1594,-0.8119 32.1303,-0.8211 32.1021,-0.8328 32.0750,-0.8469 32.0492,-0.8633 32.0250,-0.8819 32.0025,-0.9025 31.9819,-0.9250 31.9633,-0.9492 31.9469,-0.9750 31.9328,-1.0021 31.9211,-1.0303 31.9119,-1.0594 31.9053,-1.0892 31.9013,-1.1195 31.9000,-1.1500 31.9013,-1.1805 31.9053,-1.2108 31.9119,-1.2406 31.9211,-1.2697 31.9328,-1.2979 31.9469,-1.3250 31.9633,-1.3508 31.9819,-1.3750 32.0025,-1.3975 32.0250,-1.4181 32.0492,-1.4367 32.0750,-1.4531 32.1021,-1.4672 32.1303,-1.4789 32.1594,-1.4881 32.1892,-1.4947 32.2195,-1.4987 32.2500,-1.5000 32.2805,-1.4987 32.3108,-1.4947 32.3406,-1.4881 32.3697,-1.4789 32.3979,-1.4672 32.4250,-1.4531 32.4508,-1.4367 32.4750,-1.4181 32.4975,-1.3975 32.5181,-1.3750 32.5367,-1.3508 32.5531,-1.3250 32.5672,-1.2979 32.5789,-1.2697 32.5881,-1.2406 32.5947,-1.2108 32.5987,-1.1805 32.6000,-1.1500;
  BEGIN_ASSOC
    ADD N5 :F1.000000 :R0 :T12345 'net=gnd!' 0.00, 0.00;
  END_ASSOC
ADD P5 :W0.000000  37.8000,-1.1500 37.7987,-1.1195 37.7947,-1.0892 37.7881,-1.0594 37.7789,-1.0303 37.7672,-1.0021 37.7531,-0.9750 37.7367,-0.9492 37.7181,-0.9250 37.6975,-0.9025 37.6750,-0.8819 37.6508,-0.8633 37.6250,-0.8469 37.5979,-0.8328 37.5697,-0.8211 37.5406,-0.8119 37.5108,-0.8053 37.4805,-0.8013 37.4500,-0.8000 37.4195,-0.8013 37.3892,-0.8053 37.3594,-0.8119 37.3303,-0.8211 37.3021,-0.8328 37.2750,-0.8469 37.2492,-0.8633 37.2250,-0.8819 37.2025,-0.9025 37.1819,-0.9250 37.1633,-0.9492 37.1469,-0.9750 37.1328,-1.0021 37.1211,-1.0303 37.1119,-1.0594 37.1053,-1.0892 37.1013,-1.1195 37.1000,-1.1500 37.1013,-1.1805 37.1053,-1.2108 37.1119,-1.2406 37.1211,-1.2697 37.1328,-1.2979 37.1469,-1.3250 37.1633,-1.3508 37.1819,-1.3750 37.2025,-1.3975 37.2250,-1.4181 37.2492,-1.4367 37.2750,-1.4531 37.3021,-1.4672 37.3303,-1.4789 37.3594,-1.4881 37.3892,-1.4947 37.4195,-1.4987 37.4500,-1.5000 37.4805,-1.4987 37.5108,-1.4947 37.5406,-1.4881 37.5697,-1.4789 37.5979,-1.4672 37.6250,-1.4531 37.6508,-1.4367 37.6750,-1.4181 37.6975,-1.3975 37.7181,-1.3750 37.7367,-1.3508 37.7531,-1.3250 37.7672,-1.2979 37.7789,-1.2697 37.7881,-1.2406 37.7947,-1.2108 37.7987,-1.1805 37.8000,-1.1500;
  BEGIN_ASSOC
    ADD N5 :F1.000000 :R0 :T12345 'net=gnd!' 0.00, 0.00;
  END_ASSOC
ADD P5 :W0.000000  42.8000,-1.2500 42.7987,-1.2195 42.7947,-1.1892 42.7881,-1.1594 42.7789,-1.1303 42.7672,-1.1021 42.7531,-1.0750 42.7367,-1.0492 42.7181,-1.0250 42.6975,-1.0025 42.6750,-0.9819 42.6508,-0.9633 42.6250,-0.9469 42.5979,-0.9328 42.5697,-0.9211 42.5406,-0.9119 42.5108,-0.9053 42.4805,-0.9013 42.4500,-0.9000 42.4195,-0.9013 42.3892,-0.9053 42.3594,-0.9119 42.3303,-0.9211 42.3021,-0.9328 42.2750,-0.9469 42.2492,-0.9633 42.2250,-0.9819 42.2025,-1.0025 42.1819,-1.0250 42.1633,-1.0492 42.1469,-1.0750 42.1328,-1.1021 42.1211,-1.1303 42.1119,-1.1594 42.1053,-1.1892 42.1013,-1.2195 42.1000,-1.2500 42.1013,-1.2805 42.1053,-1.3108 42.1119,-1.3406 42.1211,-1.3697 42.1328,-1.3979 42.1469,-1.4250 42.1633,-1.4508 42.1819,-1.4750 42.2025,-1.4975 42.2250,-1.5181 42.2492,-1.5367 42.2750,-1.5531 42.3021,-1.5672 42.3303,-1.5789 42.3594,-1.5881 42.3892,-1.5947 42.4195,-1.5987 42.4500,-1.6000 42.4805,-1.5987 42.5108,-1.5947 42.5406,-1.5881 42.5697,-1.5789 42.5979,-1.5672 42.6250,-1.5531 42.6508,-1.5367 42.6750,-1.5181 42.6975,-1.4975 42.7181,-1.4750 42.7367,-1.4508 42.7531,-1.4250 42.7672,-1.3979 42.7789,-1.3697 42.7881,-1.3406 42.7947,-1.3108 42.7987,-1.2805 42.8000,-1.2500;
  BEGIN_ASSOC
    ADD N5 :F1.000000 :R0 :T12345 'net=gnd!' 0.00, 0.00;
  END_ASSOC
ADD P5 :W0.000000  47.1000,-1.1500 47.0987,-1.1195 47.0947,-1.0892 47.0881,-1.0594 47.0789,-1.0303 47.0672,-1.0021 47.0531,-0.9750 47.0367,-0.9492 47.0181,-0.9250 46.9975,-0.9025 46.9750,-0.8819 46.9508,-0.8633 46.9250,-0.8469 46.8979,-0.8328 46.8697,-0.8211 46.8406,-0.8119 46.8108,-0.8053 46.7805,-0.8013 46.7500,-0.8000 46.7195,-0.8013 46.6892,-0.8053 46.6594,-0.8119 46.6303,-0.8211 46.6021,-0.8328 46.5750,-0.8469 46.5492,-0.8633 46.5250,-0.8819 46.5025,-0.9025 46.4819,-0.9250 46.4633,-0.9492 46.4469,-0.9750 46.4328,-1.0021 46.4211,-1.0303 46.4119,-1.0594 46.4053,-1.0892 46.4013,-1.1195 46.4000,-1.1500 46.4013,-1.1805 46.4053,-1.2108 46.4119,-1.2406 46.4211,-1.2697 46.4328,-1.2979 46.4469,-1.3250 46.4633,-1.3508 46.4819,-1.3750 46.5025,-1.3975 46.5250,-1.4181 46.5492,-1.4367 46.5750,-1.4531 46.6021,-1.4672 46.6303,-1.4789 46.6594,-1.4881 46.6892,-1.4947 46.7195,-1.4987 46.7500,-1.5000 46.7805,-1.4987 46.8108,-1.4947 46.8406,-1.4881 46.8697,-1.4789 46.8979,-1.4672 46.9250,-1.4531 46.9508,-1.4367 46.9750,-1.4181 46.9975,-1.3975 47.0181,-1.3750 47.0367,-1.3508 47.0531,-1.3250 47.0672,-1.2979 47.0789,-1.2697 47.0881,-1.2406 47.0947,-1.2108 47.0987,-1.1805 47.1000,-1.1500;
  BEGIN_ASSOC
    ADD N5 :F1.000000 :R0 :T12345 'net=gnd!' 0.00, 0.00;
  END_ASSOC
ADD P5 :W0.000000  44.6000,-3.2500 44.5987,-3.2195 44.5947,-3.1892 44.5881,-3.1594 44.5789,-3.1303 44.5672,-3.1021 44.5531,-3.0750 44.5367,-3.0492 44.5181,-3.0250 44.4975,-3.0025 44.4750,-2.9819 44.4508,-2.9633 44.4250,-2.9469 44.3979,-2.9328 44.3697,-2.9211 44.3406,-2.9119 44.3108,-2.9053 44.2805,-2.9013 44.2500,-2.9000 44.2195,-2.9013 44.1892,-2.9053 44.1594,-2.9119 44.1303,-2.9211 44.1021,-2.9328 44.0750,-2.9469 44.0492,-2.9633 44.0250,-2.9819 44.0025,-3.0025 43.9819,-3.0250 43.9633,-3.0492 43.9469,-3.0750 43.9328,-3.1021 43.9211,-3.1303 43.9119,-3.1594 43.9053,-3.1892 43.9013,-3.2195 43.9000,-3.2500 43.9013,-3.2805 43.9053,-3.3108 43.9119,-3.3406 43.9211,-3.3697 43.9328,-3.3979 43.9469,-3.4250 43.9633,-3.4508 43.9819,-3.4750 44.0025,-3.4975 44.0250,-3.5181 44.0492,-3.5367 44.0750,-3.5531 44.1021,-3.5672 44.1303,-3.5789 44.1594,-3.5881 44.1892,-3.5947 44.2195,-3.5987 44.2500,-3.6000 44.2805,-3.5987 44.3108,-3.5947 44.3406,-3.5881 44.3697,-3.5789 44.3979,-3.5672 44.4250,-3.5531 44.4508,-3.5367 44.4750,-3.5181 44.4975,-3.4975 44.5181,-3.4750 44.5367,-3.4508 44.5531,-3.4250 44.5672,-3.3979 44.5789,-3.3697 44.5881,-3.3406 44.5947,-3.3108 44.5987,-3.2805 44.6000,-3.2500;
  BEGIN_ASSOC
    ADD N5 :F1.000000 :R0 :T12345 'net=gnd!' 0.00, 0.00;
  END_ASSOC
ADD P5 :W0.000000  34.9000,-3.3500 34.8987,-3.3195 34.8947,-3.2892 34.8881,-3.2594 34.8789,-3.2303 34.8672,-3.2021 34.8531,-3.1750 34.8367,-3.1492 34.8181,-3.1250 34.7975,-3.1025 34.7750,-3.0819 34.7508,-3.0633 34.7250,-3.0469 34.6979,-3.0328 34.6697,-3.0211 34.6406,-3.0119 34.6108,-3.0053 34.5805,-3.0013 34.5500,-3.0000 34.5195,-3.0013 34.4892,-3.0053 34.4594,-3.0119 34.4303,-3.0211 34.4021,-3.0328 34.3750,-3.0469 34.3492,-3.0633 34.3250,-3.0819 34.3025,-3.1025 34.2819,-3.1250 34.2633,-3.1492 34.2469,-3.1750 34.2328,-3.2021 34.2211,-3.2303 34.2119,-3.2594 34.2053,-3.2892 34.2013,-3.3195 34.2000,-3.3500 34.2013,-3.3805 34.2053,-3.4108 34.2119,-3.4406 34.2211,-3.4697 34.2328,-3.4979 34.2469,-3.5250 34.2633,-3.5508 34.2819,-3.5750 34.3025,-3.5975 34.3250,-3.6181 34.3492,-3.6367 34.3750,-3.6531 34.4021,-3.6672 34.4303,-3.6789 34.4594,-3.6881 34.4892,-3.6947 34.5195,-3.6987 34.5500,-3.7000 34.5805,-3.6987 34.6108,-3.6947 34.6406,-3.6881 34.6697,-3.6789 34.6979,-3.6672 34.7250,-3.6531 34.7508,-3.6367 34.7750,-3.6181 34.7975,-3.5975 34.8181,-3.5750 34.8367,-3.5508 34.8531,-3.5250 34.8672,-3.4979 34.8789,-3.4697 34.8881,-3.4406 34.8947,-3.4108 34.8987,-3.3805 34.9000,-3.3500;
  BEGIN_ASSOC
    ADD N5 :F1.000000 :R0 :T12345 'net=gnd!' 0.00, 0.00;
  END_ASSOC
ADD P5 :W0.000000  25.2000,0.3500 25.1987,0.3805 25.1947,0.4108 25.1881,0.4406 25.1789,0.4697 25.1672,0.4979 25.1531,0.5250 25.1367,0.5508 25.1181,0.5750 25.0975,0.5975 25.0750,0.6181 25.0508,0.6367 25.0250,0.6531 24.9979,0.6672 24.9697,0.6789 24.9406,0.6881 24.9108,0.6947 24.8805,0.6987 24.8500,0.7000 24.8195,0.6987 24.7892,0.6947 24.7594,0.6881 24.7303,0.6789 24.7021,0.6672 24.6750,0.6531 24.6492,0.6367 24.6250,0.6181 24.6025,0.5975 24.5819,0.5750 24.5633,0.5508 24.5469,0.5250 24.5328,0.4979 24.5211,0.4697 24.5119,0.4406 24.5053,0.4108 24.5013,0.3805 24.5000,0.3500 24.5013,0.3195 24.5053,0.2892 24.5119,0.2594 24.5211,0.2303 24.5328,0.2021 24.5469,0.1750 24.5633,0.1492 24.5819,0.1250 24.6025,0.1025 24.6250,0.0819 24.6492,0.0633 24.6750,0.0469 24.7021,0.0328 24.7303,0.0211 24.7594,0.0119 24.7892,0.0053 24.8195,0.0013 24.8500,-9.0949470e-017 24.8805,0.0013 24.9108,0.0053 24.9406,0.0119 24.9697,0.0211 24.9979,0.0328 25.0250,0.0469 25.0508,0.0633 25.0750,0.0819 25.0975,0.1025 25.1181,0.1250 25.1367,0.1492 25.1531,0.1750 25.1672,0.2021 25.1789,0.2303 25.1881,0.2594 25.1947,0.2892 25.1987,0.3195 25.2000,0.3500;
  BEGIN_ASSOC
    ADD N5 :F1.000000 :R0 :T12345 'net=gnd!' 0.00, 0.00;
  END_ASSOC
ADD P5 :W0.000000  19.9000,0.4500 19.8987,0.4805 19.8947,0.5108 19.8881,0.5406 19.8789,0.5697 19.8672,0.5979 19.8531,0.6250 19.8367,0.6508 19.8181,0.6750 19.7975,0.6975 19.7750,0.7181 19.7508,0.7367 19.7250,0.7531 19.6979,0.7672 19.6697,0.7789 19.6406,0.7881 19.6108,0.7947 19.5805,0.7987 19.5500,0.8000 19.5195,0.7987 19.4892,0.7947 19.4594,0.7881 19.4303,0.7789 19.4021,0.7672 19.3750,0.7531 19.3492,0.7367 19.3250,0.7181 19.3025,0.6975 19.2819,0.6750 19.2633,0.6508 19.2469,0.6250 19.2328,0.5979 19.2211,0.5697 19.2119,0.5406 19.2053,0.5108 19.2013,0.4805 19.2000,0.4500 19.2013,0.4195 19.2053,0.3892 19.2119,0.3594 19.2211,0.3303 19.2328,0.3021 19.2469,0.2750 19.2633,0.2492 19.2819,0.2250 19.3025,0.2025 19.3250,0.1819 19.3492,0.1633 19.3750,0.1469 19.4021,0.1328 19.4303,0.1211 19.4594,0.1119 19.4892,0.1053 19.5195,0.1013 19.5500,0.1000 19.5805,0.1013 19.6108,0.1053 19.6406,0.1119 19.6697,0.1211 19.6979,0.1328 19.7250,0.1469 19.7508,0.1633 19.7750,0.1819 19.7975,0.2025 19.8181,0.2250 19.8367,0.2492 19.8531,0.2750 19.8672,0.3021 19.8789,0.3303 19.8881,0.3594 19.8947,0.3892 19.8987,0.4195 19.9000,0.4500;
  BEGIN_ASSOC
    ADD N5 :F1.000000 :R0 :T12345 'net=gnd!' 0.00, 0.00;
  END_ASSOC
ADD P5 :W0.000000  13.2000,0.4500 13.1987,0.4805 13.1947,0.5108 13.1881,0.5406 13.1789,0.5697 13.1672,0.5979 13.1531,0.6250 13.1367,0.6508 13.1181,0.6750 13.0975,0.6975 13.0750,0.7181 13.0508,0.7367 13.0250,0.7531 12.9979,0.7672 12.9697,0.7789 12.9406,0.7881 12.9108,0.7947 12.8805,0.7987 12.8500,0.8000 12.8195,0.7987 12.7892,0.7947 12.7594,0.7881 12.7303,0.7789 12.7021,0.7672 12.6750,0.7531 12.6492,0.7367 12.6250,0.7181 12.6025,0.6975 12.5819,0.6750 12.5633,0.6508 12.5469,0.6250 12.5328,0.5979 12.5211,0.5697 12.5119,0.5406 12.5053,0.5108 12.5013,0.4805 12.5000,0.4500 12.5013,0.4195 12.5053,0.3892 12.5119,0.3594 12.5211,0.3303 12.5328,0.3021 12.5469,0.2750 12.5633,0.2492 12.5819,0.2250 12.6025,0.2025 12.6250,0.1819 12.6492,0.1633 12.6750,0.1469 12.7021,0.1328 12.7303,0.1211 12.7594,0.1119 12.7892,0.1053 12.8195,0.1013 12.8500,0.1000 12.8805,0.1013 12.9108,0.1053 12.9406,0.1119 12.9697,0.1211 12.9979,0.1328 13.0250,0.1469 13.0508,0.1633 13.0750,0.1819 13.0975,0.2025 13.1181,0.2250 13.1367,0.2492 13.1531,0.2750 13.1672,0.3021 13.1789,0.3303 13.1881,0.3594 13.1947,0.3892 13.1987,0.4195 13.2000,0.4500;
  BEGIN_ASSOC
    ADD N5 :F1.000000 :R0 :T12345 'net=gnd!' 0.00, 0.00;
  END_ASSOC
ADD P5 :W0.000000  7.5000,0.2500 7.4987,0.2805 7.4947,0.3108 7.4881,0.3406 7.4789,0.3697 7.4672,0.3979 7.4531,0.4250 7.4367,0.4508 7.4181,0.4750 7.3975,0.4975 7.3750,0.5181 7.3508,0.5367 7.3250,0.5531 7.2979,0.5672 7.2697,0.5789 7.2406,0.5881 7.2108,0.5947 7.1805,0.5987 7.1500,0.6000 7.1195,0.5987 7.0892,0.5947 7.0594,0.5881 7.0303,0.5789 7.0021,0.5672 6.9750,0.5531 6.9492,0.5367 6.9250,0.5181 6.9025,0.4975 6.8819,0.4750 6.8633,0.4508 6.8469,0.4250 6.8328,0.3979 6.8211,0.3697 6.8119,0.3406 6.8053,0.3108 6.8013,0.2805 6.8000,0.2500 6.8013,0.2195 6.8053,0.1892 6.8119,0.1594 6.8211,0.1303 6.8328,0.1021 6.8469,0.0750 6.8633,0.0492 6.8819,0.0250 6.9025,0.0025 6.9250,-0.0181 6.9492,-0.0367 6.9750,-0.0531 7.0021,-0.0672 7.0303,-0.0789 7.0594,-0.0881 7.0892,-0.0947 7.1195,-0.0987 7.1500,-0.1000 7.1805,-0.0987 7.2108,-0.0947 7.2406,-0.0881 7.2697,-0.0789 7.2979,-0.0672 7.3250,-0.0531 7.3508,-0.0367 7.3750,-0.0181 7.3975,0.0025 7.4181,0.0250 7.4367,0.0492 7.4531,0.0750 7.4672,0.1021 7.4789,0.1303 7.4881,0.1594 7.4947,0.1892 7.4987,0.2195 7.5000,0.2500;
  BEGIN_ASSOC
    ADD N5 :F1.000000 :R0 :T12345 'net=gnd!' 0.00, 0.00;
  END_ASSOC
ADD P5 :W0.000000  0.8000,0.3500 0.7987,0.3805 0.7947,0.4108 0.7881,0.4406 0.7789,0.4697 0.7672,0.4979 0.7531,0.5250 0.7367,0.5508 0.7181,0.5750 0.6975,0.5975 0.6750,0.6181 0.6508,0.6367 0.6250,0.6531 0.5979,0.6672 0.5697,0.6789 0.5406,0.6881 0.5108,0.6947 0.4805,0.6987 0.4500,0.7000 0.4195,0.6987 0.3892,0.6947 0.3594,0.6881 0.3303,0.6789 0.3021,0.6672 0.2750,0.6531 0.2492,0.6367 0.2250,0.6181 0.2025,0.5975 0.1819,0.5750 0.1633,0.5508 0.1469,0.5250 0.1328,0.4979 0.1211,0.4697 0.1119,0.4406 0.1053,0.4108 0.1013,0.3805 0.1000,0.3500 0.1013,0.3195 0.1053,0.2892 0.1119,0.2594 0.1211,0.2303 0.1328,0.2021 0.1469,0.1750 0.1633,0.1492 0.1819,0.1250 0.2025,0.1025 0.2250,0.0819 0.2492,0.0633 0.2750,0.0469 0.3021,0.0328 0.3303,0.0211 0.3594,0.0119 0.3892,0.0053 0.4195,0.0013 0.4500,-9.0949470e-017 0.4805,0.0013 0.5108,0.0053 0.5406,0.0119 0.5697,0.0211 0.5979,0.0328 0.6250,0.0469 0.6508,0.0633 0.6750,0.0819 0.6975,0.1025 0.7181,0.1250 0.7367,0.1492 0.7531,0.1750 0.7672,0.2021 0.7789,0.2303 0.7881,0.2594 0.7947,0.2892 0.7987,0.3195 0.8000,0.3500;
  BEGIN_ASSOC
    ADD N5 :F1.000000 :R0 :T12345 'net=gnd!' 0.00, 0.00;
  END_ASSOC
ADD P5 :W0.000000  3.9000,-1.5500 3.8987,-1.5195 3.8947,-1.4892 3.8881,-1.4594 3.8789,-1.4303 3.8672,-1.4021 3.8531,-1.3750 3.8367,-1.3492 3.8181,-1.3250 3.7975,-1.3025 3.7750,-1.2819 3.7508,-1.2633 3.7250,-1.2469 3.6979,-1.2328 3.6697,-1.2211 3.6406,-1.2119 3.6108,-1.2053 3.5805,-1.2013 3.5500,-1.2000 3.5195,-1.2013 3.4892,-1.2053 3.4594,-1.2119 3.4303,-1.2211 3.4021,-1.2328 3.3750,-1.2469 3.3492,-1.2633 3.3250,-1.2819 3.3025,-1.3025 3.2819,-1.3250 3.2633,-1.3492 3.2469,-1.3750 3.2328,-1.4021 3.2211,-1.4303 3.2119,-1.4594 3.2053,-1.4892 3.2013,-1.5195 3.2000,-1.5500 3.2013,-1.5805 3.2053,-1.6108 3.2119,-1.6406 3.2211,-1.6697 3.2328,-1.6979 3.2469,-1.7250 3.2633,-1.7508 3.2819,-1.7750 3.3025,-1.7975 3.3250,-1.8181 3.3492,-1.8367 3.3750,-1.8531 3.4021,-1.8672 3.4303,-1.8789 3.4594,-1.8881 3.4892,-1.8947 3.5195,-1.8987 3.5500,-1.9000 3.5805,-1.8987 3.6108,-1.8947 3.6406,-1.8881 3.6697,-1.8789 3.6979,-1.8672 3.7250,-1.8531 3.7508,-1.8367 3.7750,-1.8181 3.7975,-1.7975 3.8181,-1.7750 3.8367,-1.7508 3.8531,-1.7250 3.8672,-1.6979 3.8789,-1.6697 3.8881,-1.6406 3.8947,-1.6108 3.8987,-1.5805 3.9000,-1.5500;
  BEGIN_ASSOC
    ADD N5 :F1.000000 :R0 :T12345 'net=gnd!' 0.00, 0.00;
  END_ASSOC
ADD P5 :W0.000000  15.9000,-2.1500 15.8987,-2.1195 15.8947,-2.0892 15.8881,-2.0594 15.8789,-2.0303 15.8672,-2.0021 15.8531,-1.9750 15.8367,-1.9492 15.8181,-1.9250 15.7975,-1.9025 15.7750,-1.8819 15.7508,-1.8633 15.7250,-1.8469 15.6979,-1.8328 15.6697,-1.8211 15.6406,-1.8119 15.6108,-1.8053 15.5805,-1.8013 15.5500,-1.8000 15.5195,-1.8013 15.4892,-1.8053 15.4594,-1.8119 15.4303,-1.8211 15.4021,-1.8328 15.3750,-1.8469 15.3492,-1.8633 15.3250,-1.8819 15.3025,-1.9025 15.2819,-1.9250 15.2633,-1.9492 15.2469,-1.9750 15.2328,-2.0021 15.2211,-2.0303 15.2119,-2.0594 15.2053,-2.0892 15.2013,-2.1195 15.2000,-2.1500 15.2013,-2.1805 15.2053,-2.2108 15.2119,-2.2406 15.2211,-2.2697 15.2328,-2.2979 15.2469,-2.3250 15.2633,-2.3508 15.2819,-2.3750 15.3025,-2.3975 15.3250,-2.4181 15.3492,-2.4367 15.3750,-2.4531 15.4021,-2.4672 15.4303,-2.4789 15.4594,-2.4881 15.4892,-2.4947 15.5195,-2.4987 15.5500,-2.5000 15.5805,-2.4987 15.6108,-2.4947 15.6406,-2.4881 15.6697,-2.4789 15.6979,-2.4672 15.7250,-2.4531 15.7508,-2.4367 15.7750,-2.4181 15.7975,-2.3975 15.8181,-2.3750 15.8367,-2.3508 15.8531,-2.3250 15.8672,-2.2979 15.8789,-2.2697 15.8881,-2.2406 15.8947,-2.2108 15.8987,-2.1805 15.9000,-2.1500;
  BEGIN_ASSOC
    ADD N5 :F1.000000 :R0 :T12345 'net=gnd!' 0.00, 0.00;
  END_ASSOC
ADD P5 :W0.000000  23.1000,-2.4500 23.0987,-2.4195 23.0947,-2.3892 23.0881,-2.3594 23.0789,-2.3303 23.0672,-2.3021 23.0531,-2.2750 23.0367,-2.2492 23.0181,-2.2250 22.9975,-2.2025 22.9750,-2.1819 22.9508,-2.1633 22.9250,-2.1469 22.8979,-2.1328 22.8697,-2.1211 22.8406,-2.1119 22.8108,-2.1053 22.7805,-2.1013 22.7500,-2.1000 22.7195,-2.1013 22.6892,-2.1053 22.6594,-2.1119 22.6303,-2.1211 22.6021,-2.1328 22.5750,-2.1469 22.5492,-2.1633 22.5250,-2.1819 22.5025,-2.2025 22.4819,-2.2250 22.4633,-2.2492 22.4469,-2.2750 22.4328,-2.3021 22.4211,-2.3303 22.4119,-2.3594 22.4053,-2.3892 22.4013,-2.4195 22.4000,-2.4500 22.4013,-2.4805 22.4053,-2.5108 22.4119,-2.5406 22.4211,-2.5697 22.4328,-2.5979 22.4469,-2.6250 22.4633,-2.6508 22.4819,-2.6750 22.5025,-2.6975 22.5250,-2.7181 22.5492,-2.7367 22.5750,-2.7531 22.6021,-2.7672 22.6303,-2.7789 22.6594,-2.7881 22.6892,-2.7947 22.7195,-2.7987 22.7500,-2.8000 22.7805,-2.7987 22.8108,-2.7947 22.8406,-2.7881 22.8697,-2.7789 22.8979,-2.7672 22.9250,-2.7531 22.9508,-2.7367 22.9750,-2.7181 22.9975,-2.6975 23.0181,-2.6750 23.0367,-2.6508 23.0531,-2.6250 23.0672,-2.5979 23.0789,-2.5697 23.0881,-2.5406 23.0947,-2.5108 23.0987,-2.4805 23.1000,-2.4500;
  BEGIN_ASSOC
    ADD N5 :F1.000000 :R0 :T12345 'net=gnd!' 0.00, 0.00;
  END_ASSOC
SAVE;
